0, 78, 78
sm*sm=0.000011
1, 78, 78
ctlS*sm=-0.000002
2, 78, 78
ctlS*ctlS=1891.231467
3, 78, 78
cte*sm=-0.000000
4, 78, 78
cte*ctlS=0.708554
5, 78, 78
cte*cte=2173.848700
6, 78, 78
ctl*sm=-0.000001
7, 78, 78
ctl*ctlS=-0.735306
8, 78, 78
ctl*cte=0.049999
9, 78, 78
ctl*ctl=2170.755998
10, 78, 78
ctlT*sm=0.000003
11, 78, 78
ctlT*ctlS=-298.161683
12, 78, 78
ctlT*cte=8.211294
13, 78, 78
ctlT*ctl=8.465461
14, 78, 78
ctlT*ctlT=40827.916874
15, 78, 78
ctZ*sm=0.000003
16, 78, 78
ctZ*ctlS=0.376909
17, 78, 78
ctZ*cte=-158.612368
18, 78, 78
ctZ*ctl=175.255239
19, 78, 78
ctZ*ctlT=-4.318570
20, 78, 78
ctZ*ctZ=16796.370464
21, 78, 78
cpt*sm=0.000001
22, 78, 78
cpt*ctlS=0.663856
23, 78, 78
cpt*cte=-90.639313
24, 78, 78
cpt*ctl=111.044954
25, 78, 78
cpt*ctlT=0.261212
26, 78, 78
cpt*ctZ=1663.742520
27, 78, 78
cpt*cpt=1192.833136
28, 78, 78
cpQM*sm=-0.000001
29, 78, 78
cpQM*ctlS=-0.722917
30, 78, 78
cpQM*cte=0.000000
31, 78, 78
cpQM*ctl=0.000000
32, 78, 78
cpQM*ctlT=-0.089798
33, 78, 78
cpQM*ctZ=1655.561693
34, 78, 78
cpQM*cpt=-0.000001
35, 78, 78
cpQM*cpQM=1192.215905
36, 78, 78
ctA*sm=0.000000
37, 78, 78
ctA*ctlS=-0.060564
38, 78, 78
ctA*cte=264.585341
39, 78, 78
ctA*ctl=267.735717
40, 78, 78
ctA*ctlT=237.942597
41, 78, 78
ctA*ctZ=42.314201
42, 78, 78
ctA*cpt=-7.112001
43, 78, 78
ctA*cpQM=-4.208068
44, 78, 78
ctA*ctA=5162.330703
45, 78, 78
cQe*sm=-0.000001
46, 78, 78
cQe*ctlS=-0.891717
47, 78, 78
cQe*cte=0.000000
48, 78, 78
cQe*ctl=0.000001
49, 78, 78
cQe*ctlT=9.164345
50, 78, 78
cQe*ctZ=-155.777252
51, 78, 78
cQe*cpt=-0.000000
52, 78, 78
cQe*cpQM=-110.299814
53, 78, 78
cQe*ctA=255.872675
54, 78, 78
cQe*cQe=2185.116345
55, 78, 78
ctG*sm=-0.000033
56, 78, 78
ctG*ctlS=-4.518221
57, 78, 78
ctG*cte=-72.890913
58, 78, 78
ctG*ctl=25.035757
59, 78, 78
ctG*ctlT=18.844829
60, 78, 78
ctG*ctZ=952.492974
61, 78, 78
ctG*cpt=1193.430980
62, 78, 78
ctG*cpQM=-1587.331398
63, 78, 78
ctG*ctA=597.636839
64, 78, 78
ctG*cQe=23.619473
65, 78, 78
ctG*ctG=1149284.238932
66, 78, 78
cQlM*sm=0.000002
67, 78, 78
cQlM*ctlS=0.674417
68, 78, 78
cQlM*cte=0.000001
69, 78, 78
cQlM*ctl=0.000000
70, 78, 78
cQlM*ctlT=8.403199
71, 78, 78
cQlM*ctZ=171.167038
72, 78, 78
cQlM*cpt=-0.000001
73, 78, 78
cQlM*cpQM=110.435518
74, 78, 78
cQlM*ctA=252.004174
75, 78, 78
cQlM*cQe=0.047751
76, 78, 78
cQlM*ctG=-91.916682
77, 78, 78
cQlM*cQlM=2157.036921
