0, 78, 78
sm*sm=0.000000
1, 78, 78
ctlS*sm=-0.000000
2, 78, 78
ctlS*ctlS=10.689632
3, 78, 78
cte*sm=0.000001
4, 78, 78
cte*ctlS=0.128569
5, 78, 78
cte*cte=19.894264
6, 78, 78
ctl*sm=0.000000
7, 78, 78
ctl*ctlS=-0.151977
8, 78, 78
ctl*cte=0.005640
9, 78, 78
ctl*ctl=21.274534
10, 78, 78
ctlT*sm=0.000001
11, 78, 78
ctlT*ctlS=-0.370320
12, 78, 78
ctlT*cte=-1.591847
13, 78, 78
ctlT*ctl=-2.161291
14, 78, 78
ctlT*ctlT=508.968599
15, 78, 78
ctZ*sm=-0.000002
16, 78, 78
ctZ*ctlS=0.026457
17, 78, 78
ctZ*cte=9.474808
18, 78, 78
ctZ*ctl=-32.693161
19, 78, 78
ctZ*ctlT=3.674749
20, 78, 78
ctZ*ctZ=3150.532152
21, 78, 78
cpt*sm=0.000000
22, 78, 78
cpt*ctlS=0.123321
23, 78, 78
cpt*cte=6.522465
24, 78, 78
cpt*ctl=1.612234
25, 78, 78
cpt*ctlT=-1.135913
26, 78, 78
cpt*ctZ=-1572.938806
27, 78, 78
cpt*cpt=542.712348
28, 78, 78
cpQM*sm=0.000000
29, 78, 78
cpQM*ctlS=-0.097277
30, 78, 78
cpQM*cte=-0.000000
31, 78, 78
cpQM*ctl=0.000000
32, 78, 78
cpQM*ctlT=-0.062813
33, 78, 78
cpQM*ctZ=-1505.054147
34, 78, 78
cpQM*cpt=0.000000
35, 78, 78
cpQM*cpQM=534.285965
36, 78, 78
ctA*sm=-0.000001
37, 78, 78
ctA*ctlS=0.070576
38, 78, 78
ctA*cte=-51.361011
39, 78, 78
ctA*ctl=-55.872338
40, 78, 78
ctA*ctlT=51.692001
41, 78, 78
ctA*ctZ=26.380089
42, 78, 78
ctA*cpt=-14.710631
43, 78, 78
ctA*cpQM=5.179231
44, 78, 78
ctA*ctA=2707.296771
45, 78, 78
cQe*sm=-0.000000
46, 78, 78
cQe*ctlS=-0.147504
47, 78, 78
cQe*cte=-0.000000
48, 78, 78
cQe*ctl=0.000000
49, 78, 78
cQe*ctlT=-1.797183
50, 78, 78
cQe*ctZ=16.663475
51, 78, 78
cQe*cpt=0.000000
52, 78, 78
cQe*cpQM=1.850543
53, 78, 78
cQe*ctA=-58.106056
54, 78, 78
cQe*cQe=23.838853
55, 78, 78
ctG*sm=-0.000001
56, 78, 78
ctG*ctlS=-0.000000
57, 78, 78
ctG*cte=-0.000001
58, 78, 78
ctG*ctl=0.000001
59, 78, 78
ctG*ctlT=0.000010
60, 78, 78
ctG*ctZ=0.000000
61, 78, 78
ctG*cpt=0.000003
62, 78, 78
ctG*cpQM=0.000001
63, 78, 78
ctG*ctA=-0.000001
64, 78, 78
ctG*cQe=-0.000001
65, 78, 78
ctG*ctG=-0.000011
66, 78, 78
cQlM*sm=0.000000
67, 78, 78
cQlM*ctlS=0.121668
68, 78, 78
cQlM*cte=0.000000
69, 78, 78
cQlM*ctl=-0.000000
70, 78, 78
cQlM*ctlT=-1.699826
71, 78, 78
cQlM*ctZ=-12.502859
72, 78, 78
cQlM*cpt=0.000000
73, 78, 78
cQlM*cpQM=-5.544817
74, 78, 78
cQlM*ctA=-53.908643
75, 78, 78
cQlM*cQe=-0.026237
76, 78, 78
cQlM*ctG=-0.000000
77, 78, 78
cQlM*cQlM=21.365009
